1001000100 000011010000 00000 00100 
1001000100 000000001010 00000 00000 
1001000100 000000000001 00000 00010 
11111000000 000000001 00 00100 00010
10001011000 00000 000000 00001 00001
10001011000 00000 000000 00001 00010
11111000010 000000001 00 00100 00001
10001010000 00010 000000 00001 00010
10110100 0000000000000010001 00010 
1001000100 000000000101 00000 00000
1101000100 000000000101 00000 00000
1001000100 000000000101 00000 00000
11001011000 00010 000000 00001 00011
10101010000 00010 000000 00001 00011
11010011100 00000 000001 00001 01100
11010011010 00000 000001 00001 01100
1101000100 000110010000 01000 01000 
1001000100 000000000101 00000 00000 
11001011000 00001 000000 00011 00011
10101010000 00011 000000 00101 00101
11010011100 00100 000001 00111 00111
11010011010 00100 000001 01000 01000
11101010000 00000 000000 00001 10000
11010011011 00000 000001 00010 10000
000101 00000000000000000000000011 
1001000100 000000000001 00010 00010
000101 11111111111111111111101110 
10001011000 00010 000000 00001 00001
11111110 110 11110 11111 11111 100111